# Rotation: 0.0
# Particles: 1000
# Jaws: X1[mm],X2[mm],Y1[mm],Y2[mm]
-48,53,-43,43
# MLC: Y1[mm],Y2[mm]
-21.7,-21.7
-21.7,-21.7
-21.7,-21.7
-21.7,-21.7
-21.7,-21.7
-21.7,-21.7
-21.7,-21.7
-21.7,-21.7
-21.7,-21.7
-21.7,-21.7
-21.7,-21.7
-21.7,-21.7
-21.7,-21.7
-21.7,-21.7
-21.7,-21.7
-21.7,-21.7
-21.7,-21.7
-21.7,-21.7
-21.7,-21.7
-21.7,-21.7
-21.7,-21.7
-21.7,-21.7
9.8,27.1
4.8,27.2
2.3,24
-0.2,22.2
-2.7,17.6
-2.7,26.2
-5.2,26
-7.7,29.4
-7.7,32
-7.7,37
-7.7,39
-7.4,38.7
-4,26.2
-0.5,29.4
4.9,33.5
13.5,32.6
-21.7,-21.7
-21.7,-21.7
-21.7,-21.7
-21.7,-21.7
-21.7,-21.7
-21.7,-21.7
-21.7,-21.7
-21.7,-21.7
-21.7,-21.7
-21.7,-21.7
-21.7,-21.7
-21.7,-21.7
-21.7,-21.7
-21.7,-21.7
-21.7,-21.7
-21.7,-21.7
-21.7,-21.7
-21.7,-21.7
-21.7,-21.7
-21.7,-21.7
-21.7,-21.7
-21.7,-21.7
