# Rotation: 0.0
# Particles: 1000
# Jaws: X1[mm],X2[mm],Y1[mm],Y2[mm]
-48,53,-43,43
# MLC: Y1[mm],Y2[mm]
-35.7,-35.7
-35.7,-35.7
-35.7,-35.7
-35.7,-35.7
-35.7,-35.7
-35.7,-35.7
-35.7,-35.7
-35.7,-35.7
-35.7,-35.7
-35.7,-35.7
-35.7,-35.7
-35.7,-35.7
-35.7,-35.7
-35.7,-35.7
-35.7,-35.7
-35.7,-35.7
-35.7,-35.7
-35.7,-35.7
-35.7,-35.7
-35.7,-35.7
-35.7,-35.7
-35.7,-35.7
-1.7,21.9
-6.7,24
-9.2,23.1
-11.8,22.2
-14.1,18
-14.4,24.8
-16.9,25.7
-18.9,27.9
-19,30.2
-19,32.7
-18.6,32.3
-17.7,34.9
-14.6,36.3
-10.1,35.3
-5.2,30.8
4.1,21.9
-35.7,-35.7
-35.7,-35.7
-35.7,-35.7
-35.7,-35.7
-35.7,-35.7
-35.7,-35.7
-35.7,-35.7
-35.7,-35.7
-35.7,-35.7
-35.7,-35.7
-35.7,-35.7
-35.7,-35.7
-35.7,-35.7
-35.7,-35.7
-35.7,-35.7
-35.7,-35.7
-35.7,-35.7
-35.7,-35.7
-35.7,-35.7
-35.7,-35.7
-35.7,-35.7
-35.7,-35.7
