# Rotation: 0.0
# Particles: 1000
# Jaws: X1[mm],X2[mm],Y1[mm],Y2[mm]
-48,53,-43,43
# MLC: Y1[mm],Y2[mm]
-59.1,-59.1
-59.1,-59.1
-59.1,-59.1
-59.1,-59.1
-59.1,-59.1
-59.1,-59.1
-59.1,-59.1
-59.1,-59.1
-59.1,-59.1
-59.1,-59.1
-59.1,-59.1
-59.1,-59.1
-59.1,-59.1
-59.1,-59.1
-59.1,-59.1
-59.1,-59.1
-59.1,-59.1
-59.1,-59.1
-59.1,-59.1
-59.1,-59.1
-59.1,-59.1
-59.1,-59.1
-20.4,6.5
-25.3,10.5
-27.9,12.5
-30.7,14.3
-32.8,17.7
-33.7,20.8
-36.2,23.2
-37.9,28.1
-38,29.3
-38,30.5
-37.4,31.4
-37.1,31.9
-33.8,31.5
-28.6,28.6
-23.6,19
-10.6,6.3
-59.1,-59.1
-59.1,-59.1
-59.1,-59.1
-59.1,-59.1
-59.1,-59.1
-59.1,-59.1
-59.1,-59.1
-59.1,-59.1
-59.1,-59.1
-59.1,-59.1
-59.1,-59.1
-59.1,-59.1
-59.1,-59.1
-59.1,-59.1
-59.1,-59.1
-59.1,-59.1
-59.1,-59.1
-59.1,-59.1
-59.1,-59.1
-59.1,-59.1
-59.1,-59.1
-59.1,-59.1
