# Rotation: 0.0
# Particles: 1000
# Jaws: X1[mm],X2[mm],Y1[mm],Y2[mm]
-48,53,-43,43
# MLC: Y1[mm],Y2[mm]
-58.6,-58.6
-58.6,-58.6
-58.6,-58.6
-58.6,-58.6
-58.6,-58.6
-58.6,-58.6
-58.6,-58.6
-58.6,-58.6
-58.6,-58.6
-58.6,-58.6
-58.6,-58.6
-58.6,-58.6
-58.6,-58.6
-58.6,-58.6
-58.6,-58.6
-58.6,-58.6
-58.6,-58.6
-58.6,-58.6
-58.6,-58.6
-58.6,-58.6
-58.6,-58.6
-58.6,-58.6
-20,6.8
-25,10.8
-27.6,12.7
-30.3,14.5
-32.6,17.7
-33.4,21
-35.8,23.4
-37.5,28.4
-37.8,29.5
-37.7,30.8
-37.1,31.6
-36.7,32.2
-33.5,31.8
-28.3,28.9
-23.3,18.7
-10.4,6.6
-58.6,-58.6
-58.6,-58.6
-58.6,-58.6
-58.6,-58.6
-58.6,-58.6
-58.6,-58.6
-58.6,-58.6
-58.6,-58.6
-58.6,-58.6
-58.6,-58.6
-58.6,-58.6
-58.6,-58.6
-58.6,-58.6
-58.6,-58.6
-58.6,-58.6
-58.6,-58.6
-58.6,-58.6
-58.6,-58.6
-58.6,-58.6
-58.6,-58.6
-58.6,-58.6
-58.6,-58.6
