# Rotation: 0.0
# Particles: 1000
# Jaws: X1[mm],X2[mm],Y1[mm],Y2[mm]
-48,53,-43,43
# MLC: Y1[mm],Y2[mm]
-47.5,-47.5
-47.5,-47.5
-47.5,-47.5
-47.5,-47.5
-47.5,-47.5
-47.5,-47.5
-47.5,-47.5
-47.5,-47.5
-47.5,-47.5
-47.5,-47.5
-47.5,-47.5
-47.5,-47.5
-47.5,-47.5
-47.5,-47.5
-47.5,-47.5
-47.5,-47.5
-47.5,-47.5
-47.5,-47.5
-47.5,-47.5
-47.5,-47.5
-47.5,-47.5
-47.5,-47.5
-12.3,13.3
-17.2,16.8
-19.7,16.5
-22.3,15.6
-24.7,13.2
-25.2,18.5
-27.6,20.2
-29.5,23.6
-29.7,25
-29.7,29.5
-29.1,32
-28.2,34.6
-25.1,35.2
-20.1,32.1
-15.4,21.3
-5.1,11.6
-47.5,-47.5
-47.5,-47.5
-47.5,-47.5
-47.5,-47.5
-47.5,-47.5
-47.5,-47.5
-47.5,-47.5
-47.5,-47.5
-47.5,-47.5
-47.5,-47.5
-47.5,-47.5
-47.5,-47.5
-47.5,-47.5
-47.5,-47.5
-47.5,-47.5
-47.5,-47.5
-47.5,-47.5
-47.5,-47.5
-47.5,-47.5
-47.5,-47.5
-47.5,-47.5
-47.5,-47.5
