# Rotation: 0.0
# Particles: 1000
# Jaws: X1[mm],X2[mm],Y1[mm],Y2[mm]
-48,53,-43,43
# MLC: Y1[mm],Y2[mm]
-54,-54
-54,-54
-54,-54
-54,-54
-54,-54
-54,-54
-54,-54
-54,-54
-54,-54
-54,-54
-54,-54
-54,-54
-54,-54
-54,-54
-54,-54
-54,-54
-54,-54
-54,-54
-54,-54
-54,-54
-54,-54
-54,-54
-17.5,8.7
-22.5,12.6
-25,14.1
-27.8,14.7
-30,13.1
-30.6,16.8
-33.1,21.8
-34.8,28
-35,30.1
-35.1,32.8
-34.4,33.4
-33.7,34.1
-30.6,33.7
-25.4,30.3
-20.6,16.9
-9.5,8.1
-54,-54
-54,-54
-54,-54
-54,-54
-54,-54
-54,-54
-54,-54
-54,-54
-54,-54
-54,-54
-54,-54
-54,-54
-54,-54
-54,-54
-54,-54
-54,-54
-54,-54
-54,-54
-54,-54
-54,-54
-54,-54
-54,-54
