# Rotation: 0.0
# Particles: 1000
# Jaws: X1[mm],X2[mm],Y1[mm],Y2[mm]
-48,53,-43,43
# MLC: Y1[mm],Y2[mm]
-14.9,-14.9
-14.9,-14.9
-14.9,-14.9
-14.9,-14.9
-14.9,-14.9
-14.9,-14.9
-14.9,-14.9
-14.9,-14.9
-14.9,-14.9
-14.9,-14.9
-14.9,-14.9
-14.9,-14.9
-14.9,-14.9
-14.9,-14.9
-14.9,-14.9
-14.9,-14.9
-14.9,-14.9
-14.9,-14.9
-14.9,-14.9
-14.9,-14.9
-14.9,-14.9
-14.9,-14.9
16.6,33
11.6,31.3
9.1,27.8
6.6,25.7
4.1,21.9
4.1,28
1.6,27.2
-0.9,29.5
-0.9,31.1
-0.9,35
-0.9,38.5
-0.9,39
1.7,28.9
5,32.7
11.6,38
19.2,38.9
-14.9,-14.9
-14.9,-14.9
-14.9,-14.9
-14.9,-14.9
-14.9,-14.9
-14.9,-14.9
-14.9,-14.9
-14.9,-14.9
-14.9,-14.9
-14.9,-14.9
-14.9,-14.9
-14.9,-14.9
-14.9,-14.9
-14.9,-14.9
-14.9,-14.9
-14.9,-14.9
-14.9,-14.9
-14.9,-14.9
-14.9,-14.9
-14.9,-14.9
-14.9,-14.9
-14.9,-14.9
