# Rotation: 0.0
# Particles: 1000
# Jaws: X1[mm],X2[mm],Y1[mm],Y2[mm]
-48,53,-43,43
# MLC: Y1[mm],Y2[mm]
-52,-52
-52,-52
-52,-52
-52,-52
-52,-52
-52,-52
-52,-52
-52,-52
-52,-52
-52,-52
-52,-52
-52,-52
-52,-52
-52,-52
-52,-52
-52,-52
-52,-52
-52,-52
-52,-52
-52,-52
-52,-52
-52,-52
-16.2,9.8
-21.1,13.5
-23.6,14.5
-26.3,14.3
-28.5,11.3
-29.2,16.4
-31.5,19
-33.4,23
-33.6,25.1
-33.6,31.3
-33,33.9
-32.2,34.6
-29.1,34.2
-23.9,30.5
-19.2,17.8
-8.5,8.8
-52,-52
-52,-52
-52,-52
-52,-52
-52,-52
-52,-52
-52,-52
-52,-52
-52,-52
-52,-52
-52,-52
-52,-52
-52,-52
-52,-52
-52,-52
-52,-52
-52,-52
-52,-52
-52,-52
-52,-52
-52,-52
-52,-52
