# Rotation: 0.0
# Particles: 1000
# Jaws: X1[mm],X2[mm],Y1[mm],Y2[mm]
-48,53,-43,43
# MLC: Y1[mm],Y2[mm]
-14.6,-14.6
-14.6,-14.6
-14.6,-14.6
-14.6,-14.6
-14.6,-14.6
-14.6,-14.6
-14.6,-14.6
-14.6,-14.6
-14.6,-14.6
-14.6,-14.6
-14.6,-14.6
-14.6,-14.6
-14.6,-14.6
-14.6,-14.6
-14.6,-14.6
-14.6,-14.6
-14.6,-14.6
-14.6,-14.6
-14.6,-14.6
-14.6,-14.6
-14.6,-14.6
-14.6,-14.6
16.9,32.7
11.9,30.3
9.4,26.5
6.9,24.3
4.4,21.1
4.4,25.7
1.9,24.8
-0.6,26.4
-0.6,27.6
-0.6,31
-0.6,33.9
-0.6,35.1
2,27.1
4.6,31
11.9,37.3
19.4,39
-14.6,-14.6
-14.6,-14.6
-14.6,-14.6
-14.6,-14.6
-14.6,-14.6
-14.6,-14.6
-14.6,-14.6
-14.6,-14.6
-14.6,-14.6
-14.6,-14.6
-14.6,-14.6
-14.6,-14.6
-14.6,-14.6
-14.6,-14.6
-14.6,-14.6
-14.6,-14.6
-14.6,-14.6
-14.6,-14.6
-14.6,-14.6
-14.6,-14.6
-14.6,-14.6
-14.6,-14.6
