# Rotation: 0.0
# Particles: 1000
# Jaws: X1[mm],X2[mm],Y1[mm],Y2[mm]
-48,53,-43,43
# MLC: Y1[mm],Y2[mm]
-22.6,-22.6
-22.6,-22.6
-22.6,-22.6
-22.6,-22.6
-22.6,-22.6
-22.6,-22.6
-22.6,-22.6
-22.6,-22.6
-22.6,-22.6
-22.6,-22.6
-22.6,-22.6
-22.6,-22.6
-22.6,-22.6
-22.6,-22.6
-22.6,-22.6
-22.6,-22.6
-22.6,-22.6
-22.6,-22.6
-22.6,-22.6
-22.6,-22.6
-22.6,-22.6
-22.6,-22.6
8.9,26.7
3.9,27.7
1.4,24.6
-1.1,22.8
-3.6,18
-3.6,27.7
-6.1,27.9
-8.6,31.7
-8.6,33.7
-8.6,37.4
-8.5,38.9
-7.8,39
-4.5,27.5
-1.1,30
4.4,34.4
13.1,32
-22.6,-22.6
-22.6,-22.6
-22.6,-22.6
-22.6,-22.6
-22.6,-22.6
-22.6,-22.6
-22.6,-22.6
-22.6,-22.6
-22.6,-22.6
-22.6,-22.6
-22.6,-22.6
-22.6,-22.6
-22.6,-22.6
-22.6,-22.6
-22.6,-22.6
-22.6,-22.6
-22.6,-22.6
-22.6,-22.6
-22.6,-22.6
-22.6,-22.6
-22.6,-22.6
-22.6,-22.6
