# Rotation: 0.0
# Particles: 1000
# Jaws: X1[mm],X2[mm],Y1[mm],Y2[mm]
-48,53,-43,43
# MLC: Y1[mm],Y2[mm]
-52.7,-52.7
-52.7,-52.7
-52.7,-52.7
-52.7,-52.7
-52.7,-52.7
-52.7,-52.7
-52.7,-52.7
-52.7,-52.7
-52.7,-52.7
-52.7,-52.7
-52.7,-52.7
-52.7,-52.7
-52.7,-52.7
-52.7,-52.7
-52.7,-52.7
-52.7,-52.7
-52.7,-52.7
-52.7,-52.7
-52.7,-52.7
-52.7,-52.7
-52.7,-52.7
-52.7,-52.7
-16.7,9.4
-21.7,13.2
-24.1,14.3
-26.8,14.5
-29.1,11.8
-29.7,16.4
-32.2,19.7
-34,24.9
-34.1,26.4
-34.1,32.7
-33.6,33.7
-32.7,34.4
-29.5,34
-24.5,30.5
-19.7,17.5
-8.9,8.7
-52.7,-52.7
-52.7,-52.7
-52.7,-52.7
-52.7,-52.7
-52.7,-52.7
-52.7,-52.7
-52.7,-52.7
-52.7,-52.7
-52.7,-52.7
-52.7,-52.7
-52.7,-52.7
-52.7,-52.7
-52.7,-52.7
-52.7,-52.7
-52.7,-52.7
-52.7,-52.7
-52.7,-52.7
-52.7,-52.7
-52.7,-52.7
-52.7,-52.7
-52.7,-52.7
-52.7,-52.7
