# Rotation: 0.0
# Particles: 1000
# Jaws: X1[mm],X2[mm],Y1[mm],Y2[mm]
-48,53,-43,43
# MLC: Y1[mm],Y2[mm]
-50.9,-50.9
-50.9,-50.9
-50.9,-50.9
-50.9,-50.9
-50.9,-50.9
-50.9,-50.9
-50.9,-50.9
-50.9,-50.9
-50.9,-50.9
-50.9,-50.9
-50.9,-50.9
-50.9,-50.9
-50.9,-50.9
-50.9,-50.9
-50.9,-50.9
-50.9,-50.9
-50.9,-50.9
-50.9,-50.9
-50.9,-50.9
-50.9,-50.9
-50.9,-50.9
-50.9,-50.9
-15.2,10.6
-20.3,14.3
-22.7,14.8
-25.5,14.4
-27.7,11.5
-28.2,16.7
-30.7,19.1
-32.5,22.3
-32.7,24
-32.6,29.9
-32.1,34
-31.2,34.8
-28.1,34.6
-23.1,31
-18.3,18.6
-7.8,9.4
-50.9,-50.9
-50.9,-50.9
-50.9,-50.9
-50.9,-50.9
-50.9,-50.9
-50.9,-50.9
-50.9,-50.9
-50.9,-50.9
-50.9,-50.9
-50.9,-50.9
-50.9,-50.9
-50.9,-50.9
-50.9,-50.9
-50.9,-50.9
-50.9,-50.9
-50.9,-50.9
-50.9,-50.9
-50.9,-50.9
-50.9,-50.9
-50.9,-50.9
-50.9,-50.9
-50.9,-50.9
