# Rotation: 0.0
# Particles: 1000
# Jaws: X1[mm],X2[mm],Y1[mm],Y2[mm]
-48,53,-43,43
# MLC: Y1[mm],Y2[mm]
-57,-57
-57,-57
-57,-57
-57,-57
-57,-57
-57,-57
-57,-57
-57,-57
-57,-57
-57,-57
-57,-57
-57,-57
-57,-57
-57,-57
-57,-57
-57,-57
-57,-57
-57,-57
-57,-57
-57,-57
-57,-57
-57,-57
-19.3,7.4
-24.3,11.4
-26.8,13.2
-29.6,14.7
-31.8,16.8
-32.6,21.3
-35,23.7
-36.8,28.7
-36.9,30.1
-36.9,31.7
-36.3,32.3
-35.7,32.9
-32.5,32.5
-27.3,29.4
-22.4,17
-10.3,7
-57,-57
-57,-57
-57,-57
-57,-57
-57,-57
-57,-57
-57,-57
-57,-57
-57,-57
-57,-57
-57,-57
-57,-57
-57,-57
-57,-57
-57,-57
-57,-57
-57,-57
-57,-57
-57,-57
-57,-57
-57,-57
-57,-57
