# Rotation: 0.0
# Particles: 1000
# Jaws: X1[mm],X2[mm],Y1[mm],Y2[mm]
-48,53,-43,43
# MLC: Y1[mm],Y2[mm]
-49.7,-49.7
-49.7,-49.7
-49.7,-49.7
-49.7,-49.7
-49.7,-49.7
-49.7,-49.7
-49.7,-49.7
-49.7,-49.7
-49.7,-49.7
-49.7,-49.7
-49.7,-49.7
-49.7,-49.7
-49.7,-49.7
-49.7,-49.7
-49.7,-49.7
-49.7,-49.7
-49.7,-49.7
-49.7,-49.7
-49.7,-49.7
-49.7,-49.7
-49.7,-49.7
-49.7,-49.7
-14.3,11.4
-19.3,15
-21.7,15.4
-24.4,14.4
-26.6,11.9
-27.2,17.1
-29.6,19.2
-31.5,22.4
-31.7,23.9
-31.6,29.1
-31.1,32.8
-30.2,35
-27,34.8
-22,31.1
-17.4,19.5
-6.9,9.9
-49.7,-49.7
-49.7,-49.7
-49.7,-49.7
-49.7,-49.7
-49.7,-49.7
-49.7,-49.7
-49.7,-49.7
-49.7,-49.7
-49.7,-49.7
-49.7,-49.7
-49.7,-49.7
-49.7,-49.7
-49.7,-49.7
-49.7,-49.7
-49.7,-49.7
-49.7,-49.7
-49.7,-49.7
-49.7,-49.7
-49.7,-49.7
-49.7,-49.7
-49.7,-49.7
-49.7,-49.7
