# Rotation: 0.0
# Particles: 1000
# Jaws: X1[mm],X2[mm],Y1[mm],Y2[mm]
-48,53,-43,43
# MLC: Y1[mm],Y2[mm]
-61.2,-61.2
-61.2,-61.2
-61.2,-61.2
-61.2,-61.2
-61.2,-61.2
-61.2,-61.2
-61.2,-61.2
-61.2,-61.2
-61.2,-61.2
-61.2,-61.2
-61.2,-61.2
-61.2,-61.2
-61.2,-61.2
-61.2,-61.2
-61.2,-61.2
-61.2,-61.2
-61.2,-61.2
-61.2,-61.2
-61.2,-61.2
-61.2,-61.2
-61.2,-61.2
-61.2,-61.2
-21.3,5.6
-26.3,9.6
-28.8,11.6
-31.4,13.7
-33.6,17.2
-34.6,19.9
-37.1,22.4
-38.9,27.3
-39.1,28.3
-38.9,29.2
-38.2,30.4
-38.2,30.9
-34.9,30.4
-29.8,27.8
-24.8,19.5
-10.5,5.6
-61.2,-61.2
-61.2,-61.2
-61.2,-61.2
-61.2,-61.2
-61.2,-61.2
-61.2,-61.2
-61.2,-61.2
-61.2,-61.2
-61.2,-61.2
-61.2,-61.2
-61.2,-61.2
-61.2,-61.2
-61.2,-61.2
-61.2,-61.2
-61.2,-61.2
-61.2,-61.2
-61.2,-61.2
-61.2,-61.2
-61.2,-61.2
-61.2,-61.2
-61.2,-61.2
-61.2,-61.2
