# Rotation: 0.0
# Particles: 1000
# Jaws: X1[mm],X2[mm],Y1[mm],Y2[mm]
-48,53,-43,43
# MLC: Y1[mm],Y2[mm]
-53,-53
-53,-53
-53,-53
-53,-53
-53,-53
-53,-53
-53,-53
-53,-53
-53,-53
-53,-53
-53,-53
-53,-53
-53,-53
-53,-53
-53,-53
-53,-53
-53,-53
-53,-53
-53,-53
-53,-53
-53,-53
-53,-53
-21.5,-6.7
-26.5,-10.9
-29,-14.9
-31.5,-17.3
-34,-19.8
-34,-17.6
-36.5,-19.2
-39,-18.6
-39,-18.5
-39,-16.1
-39,-14.4
-39,-11.7
-36.5,-15.4
-34,-11.5
-26.5,-3.7
-19,0
-53,-53
-53,-53
-53,-53
-53,-53
-53,-53
-53,-53
-53,-53
-53,-53
-53,-53
-53,-53
-53,-53
-53,-53
-53,-53
-53,-53
-53,-53
-53,-53
-53,-53
-53,-53
-53,-53
-53,-53
-53,-53
-53,-53
