# Rotation: 0.0
# Particles: 1000
# Jaws: X1[mm],X2[mm],Y1[mm],Y2[mm]
-48,53,-43,43
# MLC: Y1[mm],Y2[mm]
-31.1,-31.1
-31.1,-31.1
-31.1,-31.1
-31.1,-31.1
-31.1,-31.1
-31.1,-31.1
-31.1,-31.1
-31.1,-31.1
-31.1,-31.1
-31.1,-31.1
-31.1,-31.1
-31.1,-31.1
-31.1,-31.1
-31.1,-31.1
-31.1,-31.1
-31.1,-31.1
-31.1,-31.1
-31.1,-31.1
-31.1,-31.1
-31.1,-31.1
-31.1,-31.1
-31.1,-31.1
2.4,24.3
-2.6,26.8
-5.1,25.6
-7.7,24.7
-10,20
-10.4,27.5
-12.8,28.4
-14.9,30.7
-15,32.7
-14.9,35.2
-14.6,35
-13.7,36.9
-10.6,36.1
-6.4,34.9
-1.3,34.2
7.6,25.7
-31.1,-31.1
-31.1,-31.1
-31.1,-31.1
-31.1,-31.1
-31.1,-31.1
-31.1,-31.1
-31.1,-31.1
-31.1,-31.1
-31.1,-31.1
-31.1,-31.1
-31.1,-31.1
-31.1,-31.1
-31.1,-31.1
-31.1,-31.1
-31.1,-31.1
-31.1,-31.1
-31.1,-31.1
-31.1,-31.1
-31.1,-31.1
-31.1,-31.1
-31.1,-31.1
-31.1,-31.1
