# Rotation: 0.0
# Particles: 1000
# Jaws: X1[mm],X2[mm],Y1[mm],Y2[mm]
-48,53,-43,43
# MLC: Y1[mm],Y2[mm]
-24.3,-24.3
-24.3,-24.3
-24.3,-24.3
-24.3,-24.3
-24.3,-24.3
-24.3,-24.3
-24.3,-24.3
-24.3,-24.3
-24.3,-24.3
-24.3,-24.3
-24.3,-24.3
-24.3,-24.3
-24.3,-24.3
-24.3,-24.3
-24.3,-24.3
-24.3,-24.3
-24.3,-24.3
-24.3,-24.3
-24.3,-24.3
-24.3,-24.3
-24.3,-24.3
-24.3,-24.3
7.3,26
2.3,28.1
-0.2,25.9
-2.8,24.4
-5.2,18.7
-5.3,28.7
-7.8,29.6
-10.2,32.4
-10.2,34.3
-10.2,37.5
-9.8,38.5
-8.5,38.9
-5.5,29.8
-2,31
3.8,35.8
12.1,30.8
-24.3,-24.3
-24.3,-24.3
-24.3,-24.3
-24.3,-24.3
-24.3,-24.3
-24.3,-24.3
-24.3,-24.3
-24.3,-24.3
-24.3,-24.3
-24.3,-24.3
-24.3,-24.3
-24.3,-24.3
-24.3,-24.3
-24.3,-24.3
-24.3,-24.3
-24.3,-24.3
-24.3,-24.3
-24.3,-24.3
-24.3,-24.3
-24.3,-24.3
-24.3,-24.3
-24.3,-24.3
