# Rotation: 0.0
# Particles: 1000
# Jaws: X1[mm],X2[mm],Y1[mm],Y2[mm]
-48,53,-43,43
# MLC: Y1[mm],Y2[mm]
-59.5,-59.5
-59.5,-59.5
-59.5,-59.5
-59.5,-59.5
-59.5,-59.5
-59.5,-59.5
-59.5,-59.5
-59.5,-59.5
-59.5,-59.5
-59.5,-59.5
-59.5,-59.5
-59.5,-59.5
-59.5,-59.5
-59.5,-59.5
-59.5,-59.5
-59.5,-59.5
-59.5,-59.5
-59.5,-59.5
-59.5,-59.5
-59.5,-59.5
-59.5,-59.5
-59.5,-59.5
-20.5,6.4
-25.5,10.4
-28.1,12.3
-30.7,14.2
-33,17.6
-33.8,20.6
-36.3,23.1
-38.1,28
-38.2,29.1
-38.2,30.3
-37.5,31.2
-37.4,31.7
-34,31.2
-28.8,28.6
-23.7,19.1
-10.5,6.3
-59.5,-59.5
-59.5,-59.5
-59.5,-59.5
-59.5,-59.5
-59.5,-59.5
-59.5,-59.5
-59.5,-59.5
-59.5,-59.5
-59.5,-59.5
-59.5,-59.5
-59.5,-59.5
-59.5,-59.5
-59.5,-59.5
-59.5,-59.5
-59.5,-59.5
-59.5,-59.5
-59.5,-59.5
-59.5,-59.5
-59.5,-59.5
-59.5,-59.5
-59.5,-59.5
-59.5,-59.5
