# Rotation: 0.0
# Particles: 1000
# Jaws: X1[mm],X2[mm],Y1[mm],Y2[mm]
-48,53,-43,43
# MLC: Y1[mm],Y2[mm]
-45.5,-45.5
-45.5,-45.5
-45.5,-45.5
-45.5,-45.5
-45.5,-45.5
-45.5,-45.5
-45.5,-45.5
-45.5,-45.5
-45.5,-45.5
-45.5,-45.5
-45.5,-45.5
-45.5,-45.5
-45.5,-45.5
-45.5,-45.5
-45.5,-45.5
-45.5,-45.5
-45.5,-45.5
-45.5,-45.5
-45.5,-45.5
-45.5,-45.5
-45.5,-45.5
-45.5,-45.5
-10.4,14.9
-15.4,18.3
-17.8,17.7
-20.6,16.7
-22.8,14.2
-23.3,19.8
-25.8,21
-27.7,24.4
-27.8,25.8
-27.8,30.1
-27.3,32.1
-26.3,34.3
-23.2,35.3
-18.4,32.2
-13.6,23
-3.5,13.5
-45.5,-45.5
-45.5,-45.5
-45.5,-45.5
-45.5,-45.5
-45.5,-45.5
-45.5,-45.5
-45.5,-45.5
-45.5,-45.5
-45.5,-45.5
-45.5,-45.5
-45.5,-45.5
-45.5,-45.5
-45.5,-45.5
-45.5,-45.5
-45.5,-45.5
-45.5,-45.5
-45.5,-45.5
-45.5,-45.5
-45.5,-45.5
-45.5,-45.5
-45.5,-45.5
-45.5,-45.5
