# Rotation: 0.0
# Particles: 1000
# Jaws: X1[mm],X2[mm],Y1[mm],Y2[mm]
-48,53,-43,43
# MLC: Y1[mm],Y2[mm]
-26.3,-26.3
-26.3,-26.3
-26.3,-26.3
-26.3,-26.3
-26.3,-26.3
-26.3,-26.3
-26.3,-26.3
-26.3,-26.3
-26.3,-26.3
-26.3,-26.3
-26.3,-26.3
-26.3,-26.3
-26.3,-26.3
-26.3,-26.3
-26.3,-26.3
-26.3,-26.3
-26.3,-26.3
-26.3,-26.3
-26.3,-26.3
-26.3,-26.3
-26.3,-26.3
-26.3,-26.3
5.6,24.9
0.7,27.9
-1.8,26.3
-4.5,25.2
-6.7,19.1
-7.2,29.1
-9.7,29.7
-11.4,32.2
-11.6,33.8
-11.4,36.8
-10.8,37.5
-10,38.3
-7,31.9
-3.3,32.4
2.4,36.3
10.7,29.2
-26.3,-26.3
-26.3,-26.3
-26.3,-26.3
-26.3,-26.3
-26.3,-26.3
-26.3,-26.3
-26.3,-26.3
-26.3,-26.3
-26.3,-26.3
-26.3,-26.3
-26.3,-26.3
-26.3,-26.3
-26.3,-26.3
-26.3,-26.3
-26.3,-26.3
-26.3,-26.3
-26.3,-26.3
-26.3,-26.3
-26.3,-26.3
-26.3,-26.3
-26.3,-26.3
-26.3,-26.3
