# Rotation: 0.0
# Particles: 1000
# Jaws: X1[mm],X2[mm],Y1[mm],Y2[mm]
-48,53,-43,43
# MLC: Y1[mm],Y2[mm]
-56.1,-56.1
-56.1,-56.1
-56.1,-56.1
-56.1,-56.1
-56.1,-56.1
-56.1,-56.1
-56.1,-56.1
-56.1,-56.1
-56.1,-56.1
-56.1,-56.1
-56.1,-56.1
-56.1,-56.1
-56.1,-56.1
-56.1,-56.1
-56.1,-56.1
-56.1,-56.1
-56.1,-56.1
-56.1,-56.1
-56.1,-56.1
-56.1,-56.1
-56.1,-56.1
-56.1,-56.1
-18.8,7.7
-23.8,11.7
-26.4,13.4
-29.1,14.7
-31.3,15.6
-32,21
-34.4,23.8
-36.2,28.8
-36.4,30.4
-36.4,32.1
-35.8,32.7
-35.2,33.3
-31.9,32.8
-26.8,29.7
-21.9,16.7
-10.1,7.3
-56.1,-56.1
-56.1,-56.1
-56.1,-56.1
-56.1,-56.1
-56.1,-56.1
-56.1,-56.1
-56.1,-56.1
-56.1,-56.1
-56.1,-56.1
-56.1,-56.1
-56.1,-56.1
-56.1,-56.1
-56.1,-56.1
-56.1,-56.1
-56.1,-56.1
-56.1,-56.1
-56.1,-56.1
-56.1,-56.1
-56.1,-56.1
-56.1,-56.1
-56.1,-56.1
-56.1,-56.1
