# Rotation: 0.0
# Particles: 1000
# Jaws: X1[mm],X2[mm],Y1[mm],Y2[mm]
-48,53,-43,43
# MLC: Y1[mm],Y2[mm]
-60.7,-60.7
-60.7,-60.7
-60.7,-60.7
-60.7,-60.7
-60.7,-60.7
-60.7,-60.7
-60.7,-60.7
-60.7,-60.7
-60.7,-60.7
-60.7,-60.7
-60.7,-60.7
-60.7,-60.7
-60.7,-60.7
-60.7,-60.7
-60.7,-60.7
-60.7,-60.7
-60.7,-60.7
-60.7,-60.7
-60.7,-60.7
-60.7,-60.7
-60.7,-60.7
-60.7,-60.7
-21,5.9
-26,9.9
-28.7,11.9
-31.2,13.9
-33.4,17.4
-34.3,20.2
-36.9,22.6
-38.7,27.6
-38.8,28.6
-38.7,29.6
-38,30.7
-38,31.1
-34.7,30.7
-29.5,28.1
-24.4,19.5
-10.5,5.9
-60.7,-60.7
-60.7,-60.7
-60.7,-60.7
-60.7,-60.7
-60.7,-60.7
-60.7,-60.7
-60.7,-60.7
-60.7,-60.7
-60.7,-60.7
-60.7,-60.7
-60.7,-60.7
-60.7,-60.7
-60.7,-60.7
-60.7,-60.7
-60.7,-60.7
-60.7,-60.7
-60.7,-60.7
-60.7,-60.7
-60.7,-60.7
-60.7,-60.7
-60.7,-60.7
-60.7,-60.7
