# Rotation: 0.0
# Particles: 1000
# Jaws: X1[mm],X2[mm],Y1[mm],Y2[mm]
-48,53,-43,43
# MLC: Y1[mm],Y2[mm]
-41.5,-41.5
-41.5,-41.5
-41.5,-41.5
-41.5,-41.5
-41.5,-41.5
-41.5,-41.5
-41.5,-41.5
-41.5,-41.5
-41.5,-41.5
-41.5,-41.5
-41.5,-41.5
-41.5,-41.5
-41.5,-41.5
-41.5,-41.5
-41.5,-41.5
-41.5,-41.5
-41.5,-41.5
-41.5,-41.5
-41.5,-41.5
-41.5,-41.5
-41.5,-41.5
-41.5,-41.5
-6.8,18.1
-11.8,21.1
-14.2,20.3
-16.9,19.2
-19.2,16.3
-19.6,22.2
-22.1,23
-24,25.8
-24.2,27.8
-24.1,31.3
-23.7,32.3
-22.7,35.3
-19.6,35.7
-14.8,33.4
-10.1,26.4
-0.3,17
-41.5,-41.5
-41.5,-41.5
-41.5,-41.5
-41.5,-41.5
-41.5,-41.5
-41.5,-41.5
-41.5,-41.5
-41.5,-41.5
-41.5,-41.5
-41.5,-41.5
-41.5,-41.5
-41.5,-41.5
-41.5,-41.5
-41.5,-41.5
-41.5,-41.5
-41.5,-41.5
-41.5,-41.5
-41.5,-41.5
-41.5,-41.5
-41.5,-41.5
-41.5,-41.5
-41.5,-41.5
