# Rotation: 0.0
# Particles: 1000
# Jaws: X1[mm],X2[mm],Y1[mm],Y2[mm]
-48,53,-43,43
# MLC: Y1[mm],Y2[mm]
-58.3,-58.3
-58.3,-58.3
-58.3,-58.3
-58.3,-58.3
-58.3,-58.3
-58.3,-58.3
-58.3,-58.3
-58.3,-58.3
-58.3,-58.3
-58.3,-58.3
-58.3,-58.3
-58.3,-58.3
-58.3,-58.3
-58.3,-58.3
-58.3,-58.3
-58.3,-58.3
-58.3,-58.3
-58.3,-58.3
-58.3,-58.3
-58.3,-58.3
-58.3,-58.3
-58.3,-58.3
-20,6.8
-25,10.8
-27.5,12.7
-30.3,14.5
-32.5,17.7
-33.3,21
-35.7,23.4
-37.5,28.4
-37.6,29.6
-37.6,31
-36.9,31.8
-36.6,32.3
-33.3,31.8
-28.1,29
-23.1,18.3
-10.5,6.5
-58.3,-58.3
-58.3,-58.3
-58.3,-58.3
-58.3,-58.3
-58.3,-58.3
-58.3,-58.3
-58.3,-58.3
-58.3,-58.3
-58.3,-58.3
-58.3,-58.3
-58.3,-58.3
-58.3,-58.3
-58.3,-58.3
-58.3,-58.3
-58.3,-58.3
-58.3,-58.3
-58.3,-58.3
-58.3,-58.3
-58.3,-58.3
-58.3,-58.3
-58.3,-58.3
-58.3,-58.3
