# Rotation: 0.0
# Particles: 1000
# Jaws: X1[mm],X2[mm],Y1[mm],Y2[mm]
-48,53,-43,43
# MLC: Y1[mm],Y2[mm]
-53.4,-53.4
-53.4,-53.4
-53.4,-53.4
-53.4,-53.4
-53.4,-53.4
-53.4,-53.4
-53.4,-53.4
-53.4,-53.4
-53.4,-53.4
-53.4,-53.4
-53.4,-53.4
-53.4,-53.4
-53.4,-53.4
-53.4,-53.4
-53.4,-53.4
-53.4,-53.4
-53.4,-53.4
-53.4,-53.4
-53.4,-53.4
-53.4,-53.4
-53.4,-53.4
-53.4,-53.4
-17.2,9
-22.1,12.8
-24.7,14.2
-27.4,14.6
-29.6,12.2
-30.3,16.5
-32.6,20.6
-34.5,26.5
-34.7,28.7
-34.6,32.7
-34.1,33.6
-33.2,34.3
-30.1,33.8
-25,30.3
-20.2,17.2
-9.1,8.3
-53.4,-53.4
-53.4,-53.4
-53.4,-53.4
-53.4,-53.4
-53.4,-53.4
-53.4,-53.4
-53.4,-53.4
-53.4,-53.4
-53.4,-53.4
-53.4,-53.4
-53.4,-53.4
-53.4,-53.4
-53.4,-53.4
-53.4,-53.4
-53.4,-53.4
-53.4,-53.4
-53.4,-53.4
-53.4,-53.4
-53.4,-53.4
-53.4,-53.4
-53.4,-53.4
-53.4,-53.4
