# Rotation: 0.0
# Particles: 1000
# Jaws: X1[mm],X2[mm],Y1[mm],Y2[mm]
-48,53,-43,43
# MLC: Y1[mm],Y2[mm]
-37.1,-37.1
-37.1,-37.1
-37.1,-37.1
-37.1,-37.1
-37.1,-37.1
-37.1,-37.1
-37.1,-37.1
-37.1,-37.1
-37.1,-37.1
-37.1,-37.1
-37.1,-37.1
-37.1,-37.1
-37.1,-37.1
-37.1,-37.1
-37.1,-37.1
-37.1,-37.1
-37.1,-37.1
-37.1,-37.1
-37.1,-37.1
-37.1,-37.1
-37.1,-37.1
-37.1,-37.1
-2.9,21.1
-7.9,23.2
-10.3,22.5
-13,21.4
-15.2,18
-15.7,24
-18.2,25.1
-20.2,27.2
-20.3,29.5
-20.3,32.3
-19.8,31.7
-18.9,34.5
-15.8,36.2
-11.2,35.2
-6.4,29.8
3,20.6
-37.1,-37.1
-37.1,-37.1
-37.1,-37.1
-37.1,-37.1
-37.1,-37.1
-37.1,-37.1
-37.1,-37.1
-37.1,-37.1
-37.1,-37.1
-37.1,-37.1
-37.1,-37.1
-37.1,-37.1
-37.1,-37.1
-37.1,-37.1
-37.1,-37.1
-37.1,-37.1
-37.1,-37.1
-37.1,-37.1
-37.1,-37.1
-37.1,-37.1
-37.1,-37.1
-37.1,-37.1
