# Rotation: 0.0
# Particles: 1000
# Jaws: X1[mm],X2[mm],Y1[mm],Y2[mm]
-48,53,-43,43
# MLC: Y1[mm],Y2[mm]
-33.7,-33.7
-33.7,-33.7
-33.7,-33.7
-33.7,-33.7
-33.7,-33.7
-33.7,-33.7
-33.7,-33.7
-33.7,-33.7
-33.7,-33.7
-33.7,-33.7
-33.7,-33.7
-33.7,-33.7
-33.7,-33.7
-33.7,-33.7
-33.7,-33.7
-33.7,-33.7
-33.7,-33.7
-33.7,-33.7
-33.7,-33.7
-33.7,-33.7
-33.7,-33.7
-33.7,-33.7
0.1,23.1
-4.8,25.5
-7.2,24.5
-9.9,23.6
-12.2,19.1
-12.7,26.1
-15.1,27.1
-17.1,29.2
-17.3,31.5
-17.2,33.9
-16.8,33.6
-15.8,35.9
-12.8,36.6
-8.3,36
-3.5,32.4
5.7,23.6
-33.7,-33.7
-33.7,-33.7
-33.7,-33.7
-33.7,-33.7
-33.7,-33.7
-33.7,-33.7
-33.7,-33.7
-33.7,-33.7
-33.7,-33.7
-33.7,-33.7
-33.7,-33.7
-33.7,-33.7
-33.7,-33.7
-33.7,-33.7
-33.7,-33.7
-33.7,-33.7
-33.7,-33.7
-33.7,-33.7
-33.7,-33.7
-33.7,-33.7
-33.7,-33.7
-33.7,-33.7
